Execution  1 - Execution Time 00:39,707 
Execution  2 - Execution Time 00:47,582 
Execution  3 - Execution Time 00:38,550 
Execution  4 - Execution Time 00:39,716 
Execution  5 - Execution Time 00:39,668 
Execution  6 - Execution Time 00:39,489 
Execution  7 - Execution Time 00:40,659 
Execution  8 - Execution Time 00:39,766 
Execution  9 - Execution Time 00:43,080 
	 Average Execution Time: 00:40,557 +/- 00:08,601 
	 Iterations: 5274 
	 Solution: 
0.038000
0.060000
0.024667
0.044667
0.050000
0.026000
0.060667
0.030667
0.023333
0.029333
0.036667
0.026000
0.002667
0.031333
0.032000
0.062667
0.052667
0.025333
0.062667
0.010667
0.054667
0.012667
0.004667
0.043333
0.057333
0.009333
0.032000
0.026000
0.058000
0.037333
0.061333
0.064000
0.065333
0.054000
0.042000
0.016667
0.048000
0.004000
0.047333
0.005333
0.033333
0.052000
0.066000
0.004000
0.051333
0.032000
0.034667
0.037333
0.025333
0.065333
0.016667
0.048667
0.012000
0.021333
0.025333
0.037333
0.065333
0.057333
0.032000
0.024667
0.062667
0.061333
0.022667
0.062000
0.049333
0.032667
0.012000
0.065333
0.037333
0.028000
0.038667
0.038667
0.048000
0.038667
0.011333
0.033333
0.038667
0.046000
0.004000
0.032000
0.045333
0.055333
0.014000
0.025333
0.044667
0.008000
0.062667
0.044000
0.033333
0.062667
0.002000
0.030000
0.058000
0.059333
0.025333
0.040667
0.026000
0.005333
0.007333
0.063333
0.001333
0.046667
0.035333
0.050000
0.053333
0.014667
0.016667
0.060000
0.061333
0.055333
0.060000
0.008000
0.012667
0.042667
0.033333
0.057333
0.050667
0.064000
0.034667
0.052000
0.060667
0.005333
0.015333
0.052000
0.064667
0.008667
0.060667
0.058667
0.049333
0.036000
0.023333
0.050667
0.016000
0.027333
0.034000
0.037333
0.042000
0.018667
0.065333
0.036667
0.042667
0.059333
0.012667
0.055333
0.035333
0.014000
0.046000
0.054000
0.046667
0.014667
0.039333
0.040667
0.054667
0.023333
0.060667
0.020667
0.022667
0.013333
0.049333
0.026667
0.036667
0.002000
0.011333
0.064000
0.036000
0.048667
0.040000
0.023333
0.048000
0.044667
0.066000
0.008667
0.058000
0.054667
0.044000
0.005333
0.034000
0.066000
0.052000
0.016667
0.006667
0.060667
0.039333
0.030000
0.022667
0.060667
0.065333
0.013333
0.007333
0.048000
0.040667
0.012000
0.050000
0.020000
0.044667
0.054667
0.002000
0.018000
0.046000
0.018000
0.030667
0.045333
0.026667
0.056667
0.033333
0.038667
0.030667
0.035333
0.038000
0.050667
0.020667
0.013333
0.013333
0.060000
0.011333
0.036000
0.054000
0.010000
0.018000
0.029333
0.058667
0.026667
0.042000
0.010000
0.046667
0.020000
0.032667
0.016667
0.006000
0.012000
0.035333
0.004667
0.057333
0.030000
0.062000
0.058667
0.002667
0.060667
0.028000
0.008667
0.044667
0.016667
0.056667
0.058000
0.010000
0.002000
0.062667
0.032667
0.012000
0.048667
0.062000
0.038667
0.008667
0.005333
0.049333
0.023333
0.025333
0.015333
0.008000
0.066000
0.028000
0.043333
0.004667
0.053333
0.042000
0.034667
0.046000
0.012667
0.028667
0.042000
0.056000
0.041333
0.058667
0.046667
0.033333
0.036667
0.048667
0.064000
0.002667
0.060667
0.046000
0.065333
0.033333
0.022667
0.004000
0.050667
0.046000
0.064667
0.066000
0.054000
0.064000
0.062000
0.066000
0.036667
0.049333
0.041333
0.039333
0.028667
0.022000
0.001333
0.038667
0.011333
0.011333
0.030667
0.058000
0.044667
0.000667
0.040000
0.042000
0.038667
0.002667
0.056000
0.037333
0.004000
0.012000
0.009333
0.054667
0.026000
0.007333
0.022000
0.013333
0.040000
0.018000
0.047333
0.044667
0.000667
0.056667
0.018000
0.064000
0.012000
0.054000
0.036000
0.058667
0.065333
0.034667
0.050000
0.011333
0.003333
0.058667
0.053333
0.042000
0.061333
0.042667
0.047333
0.033333
0.022667
0.057333
0.021333
0.048667
0.064667
0.043333
0.030667
0.006000
0.061333
0.011333
0.051333
0.030000
0.036667
0.002667
0.027333
0.016667
0.024667
0.031333
0.008667
0.024000
0.066000
0.059333
0.035333
0.038000
0.019333
0.057333
0.013333
0.048667
0.001333
0.061333
0.015333
0.024667
0.020000
0.036667
0.006667
0.018000
0.048000
0.037333
0.059333
0.043333
0.017333
0.044000
0.041333
0.054000
0.014667
0.002667
0.004000
0.039333
0.002000
0.048000
0.031333
0.002000
0.040667
0.035333
0.040000
0.028000
0.060667
0.021333
0.010000
0.062000
0.050667
0.025333
0.054667
0.004000
0.030000
0.030000
0.057333
0.011333
0.000667
0.050000
0.022667
0.052667
0.062000
0.064667
0.008000
0.010000
0.000667
0.012667
0.017333
0.002667
0.028667
0.049333
0.039333
0.002667
0.052667
0.047333
0.065333
0.046667
0.037333
0.008667
0.010000
0.021333
0.034000
0.065333
0.060667
0.032000
0.028667
0.051333
0.043333
0.064000
0.002667
0.050667
0.064667
0.032667
0.058667
0.008000
0.033333
0.039333
0.060000
0.004000
0.001333
0.042667
0.012000
0.038667
0.063333
0.027333
0.037333
0.043333
0.032667
0.014000
0.054000
0.054667
0.016000
0.020667
0.016667
0.048000
0.049333
0.036000
0.060000
0.014667
0.038667
0.060000
0.065333
0.004667
0.026000
0.026000
0.047333
0.027333
0.033333
0.040667
0.066000
0.003333
0.052000
0.046000
0.042000
0.048667
0.042000
0.048000
0.026000
0.008000
0.062000
0.048000
0.030667
0.046667
0.002000
0.047333
0.028000
0.051333
0.051333
0.021333
0.034000
0.058000
0.049333
0.033333
0.062667
0.043333
0.027333
0.043333
0.038667
0.060667
0.052667
0.038667
0.064000
0.038000
0.052667
0.008000
0.020000
0.028000
0.024000
0.014000
0.004667
0.019333
0.062000
0.035333
0.066000
0.064000
0.016667
0.062667
0.016667
0.036000
0.017333
0.051333
0.028000
0.035333
0.052667
0.024000
0.012000
0.048000
0.036000
0.051333
0.042000
0.022000
0.058000
0.008000
0.060000
0.012000
0.016000
0.048000
0.040667
0.040000
0.062667
0.045333
0.027333
0.026000
0.048667
0.062000
0.058667
0.033333
0.058000
0.043333
0.003333
0.043333
0.062667
0.031333
0.046667
0.016667
0.055333
0.059333
0.064667
0.024667
0.012000
0.040667
0.014667
0.003333
0.016667
0.042667
0.050000
0.000667
0.024667
0.024000
0.008667
0.055333
0.037333
0.004000
0.049333
0.054667
0.066000
0.009333
0.021333
0.025333
0.053333
0.024667
0.037333
0.049333
0.056000
0.017333
0.045333
0.044667
0.064667
0.038000
0.056667
0.006667
0.021333
0.028000
0.058000
0.064000
0.012000
0.058667
0.056667
0.004000
0.000667
0.013333
0.010000
0.005333
0.063333
0.064667
0.039333
0.006000
0.019333
0.033333
0.027333
0.044667
0.004000
0.045333
0.002000
0.056000
0.045333
0.047333
0.034667
0.011333
0.054000
0.059333
0.053333
0.008667
0.021333
0.044667
0.040667
0.001333
0.005333
0.031333
0.005333
0.040667
0.044667
0.050000
0.014000
0.009333
0.048000
0.022000
0.050667
0.036000
0.055333
0.011333
0.014000
0.027333
0.056667
0.050667
0.016667
0.003333
0.051333
0.050000
0.054000
0.044667
0.004667
0.030667
0.034000
0.017333
0.039333
0.035333
0.022667
0.004000
0.008667
0.032000
0.017333
0.059333
0.046000
0.061333
0.008667
0.001333
0.013333
0.044667
0.024667
0.025333
0.026667
0.052000
0.050000
0.011333
0.002667
0.022000
0.011333
0.022000
0.040000
0.033333
0.034667
0.044667
0.032000
0.002000
0.062000
0.004667
0.005333
0.053333
0.009333
0.049333
0.018667
0.061333
0.042000
0.032667
0.024000
0.050667
0.002667
0.038000
0.064000
0.027333
0.031333
0.024000
0.013333
0.049333
0.003333
0.050667
0.004667
0.014667
0.006000
0.044667
0.048000
0.041333
0.057333
0.013333
0.011333
0.053333
0.053333
0.052000
0.008000
0.030667
0.034667
0.061333
0.025333
0.044667
0.027333
0.049333
0.063333
0.030000
0.055333
0.060667
0.026000
0.020000
0.053333
0.039333
0.003333
0.056667
0.023333
0.042667
0.005333
0.064000
0.021333
0.021333
0.038667
0.046667
0.003333
0.018667
0.001333
0.056667
0.004000
0.009333
0.020667
0.006667
0.004000
0.014000
0.051333
0.031333
0.048000
0.030000
0.020667
0.042667
0.024000
0.008667
0.029333
0.063333
0.012000
0.054000
0.054667
0.055333
0.059333
0.052667
0.044667
0.049333
0.059333
0.024667
0.020667
0.046000
0.061333
0.010667
0.050000
0.004000
0.066000
0.024667
0.043333
0.048000
0.009333
0.043333
0.012667
0.026000
0.041333
0.001333
0.002000
0.066000
0.010667
0.066000
0.030667
0.057333
0.053333
0.054000
0.046000
0.014667
0.040000
0.058667
0.032000
0.000667
0.052000
0.052667
0.047333
0.046667
0.031333
0.065333
0.018667
0.065333
0.024000
0.062000
0.046667
0.001333
0.006667
0.027333
0.027333
0.048667
0.029333
0.064000
0.016000
0.008000
0.031333
0.014667
0.065333
0.018667
0.002000
0.013333
0.001333
0.010000
0.005333
0.001333
0.046000
0.057333
0.054000
0.026667
0.005333
0.053333
0.060000
0.024667
0.052000
0.052000
0.020000
0.054000
0.027333
0.027333
0.014667
0.044000
0.056667
0.047333
0.028000
0.032667
0.012000
0.042667
0.032000
0.065333
0.013333
0.045333
0.023333
0.018667
0.036000
0.002667
0.010000
0.023333
0.064000
0.050000
0.044667
0.058000
0.008000
0.030000
0.043333
0.028667
0.030000
0.065333
0.024000
0.026000
0.048667
0.036000
0.016000
0.029333
0.064000
0.049333
0.041333
0.008000
0.049333
0.040667
0.021333
0.028000
0.008667
0.045333
0.046667
0.045333
0.016000
0.024667
0.036667
0.048667
0.008667
0.015333
0.040000
0.051333
0.013333
0.051333
0.013333
0.044000
0.018667
0.005333
0.038000
0.000667
0.041333
0.054000
0.030000
0.006667
0.004667
0.004667
0.015333
0.022000
0.013333
0.036667
0.018000
0.022667
0.050000
0.033333
0.036000
0.034667
0.058000
0.006000
0.016667
0.034667
0.056000
0.024667
0.020000
0.003333
0.009333
0.001333
0.015333
0.062667
0.042000
0.053333
0.063333
0.051333
0.008667
0.026667
0.058667
0.048667
0.042000
0.004000
0.048000
0.012000
0.022667
0.038667
0.030667
0.056000
0.008000
0.033333
0.015333
0.049333
0.050000
0.018667
0.038667
0.008000
0.006667
0.042000
0.052000
0.042667
0.057333
0.048667
0.018000
0.012000
0.013333
0.003333
0.021333
0.040667
0.030000
0.003333
0.008667
0.005333
0.007333
0.024667
0.052000
0.064667
0.064000
0.016000
0.022000
0.005333
0.017333
0.038000
0.022667
0.000667
0.056667
0.062000
0.043333
0.031333
0.005333
0.064000
0.007333
0.031333
0.014000
0.060667
0.043333
0.027333
0.032000
0.064667
0.036000
0.062000
0.036000
0.012667
0.000667
0.012000
0.038000
0.020667
0.010000
0.035333
0.005333
0.032667
0.008667
0.022667
0.038667
0.032000
0.024000
0.063333
0.062000
0.035333
0.028000
0.000667
0.000667
0.035333
0.032000
0.014667
0.029333
0.044000
0.042667
0.029333
0.042000
0.046667
0.024667
0.012000
0.060000
0.060000
0.024000
0.066000
0.014667
0.002000
0.034667
0.020000
0.034667
0.011333
0.010667
0.041333
0.011333
0.002667
0.038000
0.006667
0.038667
0.066000
0.042667
0.039333
0.003333
0.042667
0.022667
0.000667
0.020000
0.033333
0.030667
0.030667
0.013333
0.055333
0.042667
0.041333
0.017333
0.034667
0.008667
0.036667
0.043333
0.054667
0.040000
0.023333
0.065333
0.049333
0.034667
0.002000
0.021333
0.010000
0.008667
0.055333
0.020667
0.016000
0.058667
0.063333
0.038667
0.060000
0.017333
0.005333
0.058667
0.048000
0.054000
0.015333
0.058667
0.063333
0.032667
0.061333
0.006000
0.032667
0.066000
0.017333
0.055333
0.007333
0.040667
0.054667
0.057333
0.044000
0.056667
0.012000
0.022000
0.065333
0.000667
0.042667
0.014667
0.028000
0.007333
0.022000
0.056000
0.059333
0.062000
0.048000
0.008667
0.049333
0.031333
0.000667
0.046667
0.032667
0.030000
0.020667
0.033333
0.030000
0.038000
0.022667
0.037333
0.047333
0.010667
0.062667
0.059333
0.000667
0.008000
0.049333
0.034000
0.044000
0.025333
0.016667
0.005333
0.000667
0.006667
0.029333
0.060667
0.002667
0.045333
0.002667
0.052000
0.010000
0.038667
0.042667
0.002000
0.020667
0.010000
0.027333
0.032667
0.038000
0.008000
0.043333
0.002000
0.035333
0.012000
0.010667
0.018000
0.014000
0.022667
0.011333
0.065333
0.062667
0.012000
0.006000
0.025333
0.040667
0.008667
0.004000
0.044000
0.060667
0.048667
0.050667
0.029333
0.025333
0.020667
0.018000
0.035333
0.021333
0.045333
0.036000
0.027333
0.021333
0.047333
0.029333
0.056667
0.059333
0.008000
0.008000
0.041333
0.065333
0.019333
0.040000
0.061333
0.032000
0.046000
0.054667
0.040667
0.054667
0.026667
0.052667
0.017333
0.009333
0.036667
0.046667
0.002667
0.026000
0.032667
0.006000
0.047333
0.012000
0.042000
0.042667
0.001333
0.022667
0.040000
0.058667
0.050000
0.048667
0.034667
0.024667
0.047333
0.054667
0.064667
0.010667
0.054667
0.044667
0.033333
0.028667
0.000667
0.060667
0.015333
0.018000
0.038000
0.020000
0.032667
0.040667
0.046000
0.066000
0.046667
0.061333
0.046000
0.056667
0.037333
0.015333
0.012667
0.046000
0.007333
0.062667
0.028000
0.010667
0.055333
0.043333
0.065333
0.053333
0.022000
0.021333
0.066000
0.056000
0.018000
0.000667
0.018000
0.001333
0.053333
0.024000
0.056667
0.054667
0.032667
0.036000
0.022000
0.047333
0.066000
0.001333
0.037333
0.004667
0.016667
0.018000
0.050667
0.059333
0.014000
0.046667
0.003333
0.037333
0.058667
0.036667
0.024000
0.048667
0.026000
0.058667
0.038000
0.044000
0.059333
0.024000
0.014000
0.014000
0.016000
0.004000
0.002000
0.048667
0.008000
0.024000
0.029333
0.007333
0.060000
0.012667
0.010667
0.018000
0.031333
0.038000
0.012000
0.009333
0.037333
0.038667
0.046000
0.030000
0.020667
0.005333
0.022000
0.027333
0.017333
0.049333
0.019333
0.031333
0.063333
0.036000
0.035333
0.066000
0.018000
0.044000
0.058000
0.016000
0.051333
0.052000
0.016000
0.032000
0.030667
0.002667
0.032000
0.002000
0.037333
0.044000
0.011333
0.043333
0.050667
0.025333
0.006667
0.004667
0.065333
0.063333
0.032000
0.016000
0.046000
0.052000
0.048000
0.010667
0.021333
0.051333
0.010000
0.007333
0.028667
0.036667
0.023333
0.048667
0.022000
0.008000
0.048667
0.052667
0.010667
0.014000
0.022667
0.048000
0.026000
0.002000
0.059333
0.010000
0.062000
0.066000
0.050000
0.060667
0.062667
0.015333
0.010000
0.010000
0.035333
0.026000
0.021333
0.024667
0.046000
0.066000
0.032667
0.008000
0.036000
0.056000
0.024667
0.026000
0.032000
0.042000
0.012000
0.042667
0.056000
0.002667
0.059333
0.050667
0.004667
0.052000
0.028667
0.020000
0.012000
0.028667
0.050667
0.062667
0.039333
0.061333
0.031333
0.033333
0.050667
0.056667
0.012667
0.018000
0.057333
0.056000
0.022667
0.014667
0.048667
0.048667
0.047333
0.024000
0.029333
0.023333
0.048667
0.032000
0.050667
0.000667
0.005333
0.004667
0.029333
0.040000
0.059333
0.042000
0.002667
0.043333
0.006000
0.010000
0.006000
0.037333
0.043333
0.024667
0.062000
0.024667
0.043333
0.052667
0.048667
0.066000
0.001333
0.030667
0.048000
0.048667
0.023333
0.010667
0.040000
0.005333
0.011333
0.059333
0.006000
0.016667
0.064000
